# R script for Peak Model
#  -- generated by MACS
p <- c(0.0393615438668,0.0458306314388,0.052561336523,0.0586261061218,0.0647741176563,0.0644530416187,0.0649524932327,0.0645719586697,0.064488716734,0.0641081821709,0.0647265508359,0.0652973526805,0.0648454678869,0.0647503342461,0.0652735692703,0.065487619962,0.0651427605143,0.0654638365518,0.0654638365518,0.0655114033722,0.0652735692703,0.0645481752595,0.0645481752595,0.0647979010665,0.0644530416187,0.0642746660423,0.0647503342461,0.0639060231843,0.0633827881601,0.0634779218009,0.0628119863155,0.0629427950716,0.0626573941493,0.0628000946104,0.0622887512913,0.062253076176,0.0618725416129,0.0619795669588,0.0624909102779,0.0625265853932,0.0627287443798,0.06275252779,0.0629309033665,0.0629784701868,0.0630854955327,0.0629784701868,0.0629309033665,0.0630141453021,0.0622887512913,0.0618249747926,0.0619201084333,0.0617298411518,0.0611828227174,0.0607071545136,0.061135255897,0.06088553009,0.0604336452964,0.0605406706422,0.0607190462187,0.0609568803206,0.0605406706422,0.0602909448352,0.0613374148836,0.0616703826263,0.0611114724868,0.0610163388461,0.0612303895378,0.0610639056664,0.0614920070499,0.0615752489855,0.0620628088945,0.061884433318,0.0614563319346,0.0613017397683,0.0613968734091,0.0612660646531,0.0613611982938,0.0609568803206,0.0606120208728,0.0607428296288,0.0605287789371,0.060635804283,0.0606476959881,0.0607190462187,0.0607309379238,0.0609093135002,0.060635804283,0.0612303895378,0.0610876890766,0.0605763457575,0.0599341936823,0.0593752835428,0.0591017743256,0.0586142144167,0.0584834056607,0.0580077374568,0.0576747697142,0.0572109932154,0.0565807328454,0.0562596568078,0.0565212743199,0.0569731591135,0.0573774770868,0.0574488273173,0.0577342282396,0.0579126038161,0.0579720623416,0.0580196291619,0.0588639402237,0.059268258197,0.0594347420683,0.0595298757091,0.0586379978269,0.0587925899932,0.0586617812371,0.0586261061218,0.0588520485186,0.0582931383791,0.0577104448294,0.0575796360734,0.0570920761645,0.0572942351511,0.0578650369957,0.0579363872263,0.0579720623416,0.0577461199447,0.0575915277785,0.0583169217893,0.0588163734033,0.0591017743256,0.059767709811,0.0596963595804,0.0592444747868,0.0592087996715,0.0591374494409,0.0596250093499,0.059886626862,0.0594347420683,0.0593871752479,0.0588044816982,0.0584358388403,0.0582693549689,0.0584358388403,0.0583050300842,0.0583050300842,0.0580196291619,0.0573299102664,0.057532069253,0.0570920761645,0.0572347766256,0.0571515346899,0.0572466683307,0.0571396429849,0.056533166025,0.0561883065772,0.05591479736,0.0562477651027,0.0561050646415,0.0561764148721,0.0562001982823,0.0560931729364,0.0555342627969,0.0558791222447,0.0563191153332,0.0564261406791,0.0564499240893,0.0563666821536,0.0563310070383,0.0562715485129,0.0566401913708,0.0564974909097,0.0568185669473,0.0568899171778,0.0565926245504,0.0565688411403,0.0564499240893,0.0564737074995,0.0568423503575,0.0567947835371,0.0562120899874,0.0568304586524,0.0569731591135,0.0562953319231,0.0565093826148,0.0563666821536,0.0561050646415,0.0565926245504,0.0561883065772,0.0563072236282,0.0567947835371,0.0561883065772,0.0559623641804,0.0562358733976,0.0567234333065,0.0569374839982,0.0572109932154,0.0571515346899,0.0575796360734,0.0573893687919,0.0570801844594,0.057282343446,0.0574963941377,0.0578650369957,0.0572942351511,0.0569018088829,0.0566758664861,0.0561407397568,0.0553202121052,0.0552845369899,0.0552726452848,0.0549634609523,0.0549515692472,0.0544877927485,0.054547251274,0.0548207604912,0.0554391291562,0.0555223710918,0.056045606116,0.056283440218,0.0562120899874,0.0560099310008,0.0556412881428,0.055296428695,0.0554391291562,0.0552012950543,0.0550110277727,0.0547256268504,0.0545829263893,0.0547494102606,0.0545115761587,0.0552845369899,0.0551418365288,0.0559029056549,0.0557839886039,0.0558077720141,0.0556175047326,0.0556293964377,0.0555699379122,0.0557126383734,0.0558672305396,0.055415345746,0.0555223710918,0.0551894033492,0.0554034540409,0.0554866959765,0.0555223710918,0.0557007466683,0.0560812812313,0.0556412881428,0.0557364217836,0.0558315554243,0.0560574978211,0.0559266890651,0.0552012950543,0.0555937213224,0.0556769632581,0.0558553388345,0.0552726452848,0.0550704862982,0.0552488618746,0.0556531798479,0.0556293964377,0.0557483134887,0.0565926245504,0.0567353250116,0.0572466683307,0.0571991015103,0.0582098964435,0.0583050300842,0.0584715139556,0.0580909793925,0.0580196291619,0.0576866614193,0.0574845024326,0.0571039678696,0.0568304586524,0.0566164079606,0.0561883065772,0.0568899171778,0.0562477651027,0.0564380323842,0.0563072236282,0.0567234333065,0.0568661337677,0.0568780254727,0.0572228849205,0.0572942351511,0.0568185669473,0.0567115416014,0.0570088342288,0.0574369356122,0.0579244955212,0.058281246674,0.0583050300842,0.0591612328511,0.0586974563524,0.0589947489798,0.0596012259397,0.0602195946046,0.0613611982938,0.0626573941493,0.0636919724926,0.0653449195009,0.0669978665092,0.0693880992334,0.0723967006226,0.0757144863443,0.0786279540928,0.080637652254,0.0825997835948,0.0838484126298,0.0862148619438,0.0869045808394,0.0883078020407,0.0881294264643,0.087974834298,0.0879034840674,0.0874397075687,0.0876656499655,0.0883910439764,0.0881413181693,0.0877845670165,0.087974834298,0.0876894333757,0.0882007766948,0.0892353550382,0.0890213043464,0.0900558826898,0.0900202075745,0.0898299402929,0.0907456015853,0.0904958757783,0.0910191108025,0.0918396384541,0.0913877536605,0.0908407352261,0.0912212697891,0.0910666776229,0.0908764103414,0.0914115370707,0.0907574932904,0.0912926200197,0.091459103891,0.0915185624165,0.0922915232477,0.0924342237089,0.0918753135694,0.0916018043522,0.0921250393764,0.0914828873012,0.0924342237089,0.0933379932962,0.0932071845401,0.0928504333872,0.0923153066579,0.0922915232477,0.0927552997465,0.0930050255535,0.0928742167974,0.0928980002076,0.0926601661057,0.0919585555051,0.0918753135694,0.0924817905293,0.0926482744006,0.092695841221,0.0923034149528,0.0926007075802,0.0923985485936,0.0926363826955,0.0924580071191,0.0922320647223,0.0923985485936,0.0926601661057,0.0930050255535,0.0936352859236,0.0952168827013,0.0948958066637,0.0952049909962,0.0946341891516,0.095062290535,0.0958471430714,0.0951455324707,0.0947412144975,0.0949195900739,0.0949909403045,0.0940396038968,0.0942655462936,0.0949433734841,0.0952525578166,0.0953239080472,0.094562838921,0.0953714748675,0.0960017352376,0.0962276776344,0.0964060532109,0.0968460462994,0.0973217145032,0.0972384725676,0.0974406315542,0.0978211661173,0.0979757582835,0.0990579034472,0.0989746615115,0.0990460117421,0.0991649287931,0.09878439423,0.0995811384714,0.10067517534,0.101364894236,0.101222193775,0.101804887324,0.101781103914,0.101602728338,0.101293544005,0.100889226032,0.102137855067,0.101995154606,0.101602728338,0.101852454145,0.102137855067,0.102114071657,0.101804887324,0.101816779029,0.102625414976,0.103005949539,0.103017841244,0.102399472579,0.102744332027,0.102815682257,0.10307729977,0.103933502536,0.104647004842,0.105693474891,0.105776716826,0.106716161529,0.10748912236,0.107893440333,0.108595050934,0.109201527894,0.109201527894,0.10877342651,0.109629629277,0.110022055545,0.110735557851,0.110913933428,0.110806908082,0.111758244489,0.111924728361,0.112269587809,0.112566880436,0.113030656935,0.113030656935,0.112983090114,0.112887956474,0.113494433433,0.113256599331,0.114148477214,0.11437441961,0.115218730672,0.116181958785,0.117347345884,0.117014378142,0.11745437123,0.117953822844,0.118203548651,0.11929758552,0.119582986442,0.11988027907,0.120248921928,0.119999196121,0.120070546351,0.120831615477,0.120344055569,0.121699709949,0.122163486448,0.122746179998,0.122234836679,0.122460779076,0.122888880459,0.124339668481,0.125065062492,0.126349366642,0.127681237613,0.128097447291,0.129393643146,0.12916770075,0.130701730707,0.131724417345,0.132045493383,0.132984938085,0.133722223801,0.134685451914,0.135791380488,0.136397857448,0.136766500306,0.139299433491,0.139513484183,0.140571845936,0.141737233036,0.141844258382,0.142902620135,0.143580447326,0.144460433503,0.145447445026,